5663
7016
7952
13862
4746
1856
5044
3674
1494
4448
2431
4842
75
3157
1639
4487
6596
5673
46960
18941
44886
2226
1594
645
25723
12954
1176
9945
246
1869
4515
2998
2104
12268
2711
33294
5175
15842
14616
1776
2837
1327
319
6663
3947
14426
175
377
590
9780
1829
5465
797
128
14350
4259
2329
4471
7787
38930
612
1945
20465
16805
31196
5788
1669
40364
7707
49525
7576
4966
1567
475
1255
30689
7745
34521
5284
165
3061
22039
4737
1663
7936
67183
1793
5328
1464
2259
46468
5374
26248
6020
15447
581
24980
5118
2031
40924
1257
66023
5459
37378
2126
1898
848
6252
9001
1313
1420
24776
5193
6112
2835
5968
1161
2209
2603
9680
1111
195
116
11879
1168
5833
8006
21912
6408
3370
910
1740
5447
9438
13035
5718
10370
3434
1326
265
1196
3597
41057
1635
11350
3266
248
15576
6577
1305
918
128
116
3543
649
1111
23811
4321
2325
2763
4727
2278
309
3809
1734
8685
9467
5257
4605
18662
416
1488
5144
19478
40022
34599
2071
38356
2100
23479
1002
4450
2319
11861
5994
6701
41375
2711
348
2639
3890
2923
5517
15497
22273
4394
808
1064
13952
3572
444
889
994
3593
3497
17898
15675
835
2890
12096
3249
9867
2139
5562
660
265
226
7826
1761
2284
9904
5891
35757
9109
3570
2957
58
96
998
47791
1032
3108
3855
18882
20734
26890
3513
3868
29796
7437
60489
7388
26644
1479
1216
8758
1812
1760
1433
36399
8784
1014
1528
2152
2839
20136
7461
7474
3950
1843
524
2501
5742
104
2572
11023
27528
11097
2201
18702
1701
17624
4893
2079
7323
841
156
274
19473
111
1199
14414
32175
30095
19434
2380
1102
24287
3527
1585
7537
50777
1130
59918
5289
832
373
1631
27787
6385
24767
7245
1309
1686
5529
1887
11580
34078
30731
4976
22759
3111
18601
2891
2441
214
675
953
3786
4254
1635
2552
8147
4309
2531
719
252
12553
1935
1285
7170
5157
4214
11182
7542
2195
2757
3238
620
12733
20989
5687
159
235
1592
3946
50190
2352
31907
2258
13126
38217
9858
33511
14895
22918
2915
6441
2749
4472
2003
48572
588
6528
13711
4760
26378
1338
1933
3685
3730
1401
3796
3738
849
8237
7861
17657
33538
431
5369
1278
4014
2159
3044
3465
6297
2995
14465
2020
247
153
2312
1367
4485
18498
7254
1320
1494
288
1162
10139
1710
4941
3349
353
1765
8520
56557
48015
5918
1055
51202
2279
25288
40631
3593
21263
5094
251
9525
5998
25650
3320
817
2887
6774
686
1477
28461
6085
9160
14705
1718
2190
8343
28061
311
10193
812
1454
5238
5340
5155
26079
453
49
7590
348
353
161
2104
256
3228
3137
1687
2375
4724
1148
76
119
7858
2150
121
51
125
260
159
424
182
158
564
5173
316
3113
26277
18488
3481
17231
8136
2635
1593
5205
1346
6880
6880
4871
4355
26614
839
102
174
694
183
148
376
551
1961
5618
3143
5524
778
71037
3281
2056
2304
1188
4538
10936
20240
12713
1309
2847
44965
43307
5221
4349
3340
275
1531
1246
2890
21110
1146
2382
47723
1320
5428
6103
2900
5388
1789
43619
23785
24303
2015
2969
3061
3021
16900
19103
33083
2441
27740
1720
1254
145
1901
55522
8019
1147
2095
3867
2717
10930
2619
4437
4284
399
7549
35762
1209
15641
1433
3300
4061
1670
6940
5861
3303
3612
5787
25534
43343
6772
16512
2153
265
2666
11374
4953
2317
208
1938
180
124
1304
8113
1297
222
148
233
7353
45222
1645
23314
3257
231
2347
357
5666
6753
167
422
1078
14869
1127
1867
2178
9256
23639
4076
2698
427
9920
8462
3803
10846
10335
2458
11879
2667
4542
196
210
577
925
43893
2122
2469
1798
24696
5898
748
246
4742
1221
36
163
121
183
192
1892
1896
144
2499
2362
293
3796
370
8435
4953
9221
3856
9242
2891
1281
2394
1028
183
181
146
3588
5718
31886
11662
17391
11028
1062
19535
16867
3339
400
3737
15357
12214
22334
1598
573
73
1258
29018
1897
1761
1131
2492
4760
6993
16422
15538
3083
602
1829
59769
4418
42164
7976
2479
76885
50507
6063
5143
2686
3200
24783
33938
2601
1030
3386
39239
19838
2555
12444
40283
30071
39117
5272
55128
1118
8634
4948
16702
1447
1876
2308
5187
3077
2996
20839
25673
3142
29390
5612
2102
63878
5522
62102
57141
2726
11300
954
13385
490
1430
221
2015
2617
3292
5838
2242
984
377
4682
5943
8312
897
8358
5552
4286
15451
405
301
1122
50456
1272
2296
5292
23876
14400
38182
3868
12381
2977
2085
26996
90589
40915
37887
5627
232
2341
5283
5229
3349
443
3609
1543
1621
3541
13565
2198
582
4819
7183
10461
5291
1283
1673
33997
671
321
397
31921
695
1358
1198
5243
1263
12943
9882
10686
7854
4227
326
1214
12794
3841
211
16616
11663
3123
2611
5297
11586
372
513
474
397
207
442
3859
8937
4931
5597
934
5284
1916
7488
5143
33704
523
2809
32973
18059
21993
9772
7918
1931
1444
36239
1898
777
36136
4952
23854
53078
2588
47396
569
992
5231
27219
3754
1563
2200
7002
22485
2852
8364
595
97
135
238
189
269
241
1893
202
11132
2674
263
3083
4518
3533
32537
6705
3155
1287
229
114
172
18004
12980
1456
7301
1159
2317
2535
9283
12971
6250
14360
18472
3238
7098
302
155
28267
2002
2240
2944
2597
5654
56842
7132
39890
3002
2214
291
1413
1936
3364
1296
2664
20377
3417
1708
398
469
163
267
2107
4099
20728
1176
45827
36773
1551
4716
4502
176
21693
196
7481
2589
10017
5528
107
1441
3019
37007
2657
23939
22935
8044
38716
685
25680
10060
2433
774
6824
821
2485
3109
6587
1612
1636
194
52
911
35273
935
6569
3415
3793
4624
8106
5322
2913
172
216
283
3622
23252
9719
10921
6643
2482
15218
5691
35430
8306
9033
9293
141
2223
221
309
115
446
28791
196
353
117
266
2129
7187
31281
9359
2966
157
228
25499
2821
3531
9509
4471
27256
126
277
1545
58128
606
5364
20492
24184
3110
30455
996
5676
12912
37016
5485
3775
50380
123025
1681
1359
30555
2962
2442
7686
4445
2617
34759
2074
2542
61
74
310
2502
4378
9504
3024
35760
2211
63
601
1009
4163
4901
3708
299
2714
165
429
1487
3227
6919
8369
26600
3835
25251
25509
5996
9578
1656
12331
5181
40913
456
2476
926
113
3776
3781
4455
16162
4797
2432
1566
6219
6118
4583
3479
756
4195
30414
3064
3497
178
1416
18820
35518
1393
185
959
6283
25216
24739
6612
25356
23622
2574
1461
26904
36935
2006
8686
5237
17367
10646
373
338
454
6474
1330
796
2985
427
3674
4609
2073
427
7041
2648
3583
4841
22222
538
950
4544
45627
2241
24183
16974
1407
3857
2733
1487
1883
6136
3456
17018
320
37739
35064
6595
2644
1750
3540
53229
1700
3631
2717
3581
16411
1758
22785
5351
41358
44868
45100
1455
2969
37974
7360
13623
297
3356
7021
2955
4004
11553
35691
9665
2873
3548
2493
2609
29847
2920
7270
3972
5444
378
1637
1641
33971
14035
13977
4539
272
520
214
272
160
449
2717
6219
2608
9699
3255
6235
3307
4566
339
8290
11550
108
117
168
154
99
102
742
1857
3771
3213
28075
1803
57912
16438
15948
2472
3095
88
228
968
14991
7359
33
139
151
98
182
241
325
117
481
5309
11082
5545
1243
2395
4651
1075
36570
21402
23017
28520
435
4673
1154
4405
18595
14967
871
7669
20348
168
10170
11208
202
92
364
2568
4507
77
59
185
113
126
1527
2569
19844
8688
6205
12
1116
5052
4564
82
84
233
711
253
361
395
274
399
10262
10086
6110
2967
460
93
19039
1353
1489
3317
17582
290
1972
301
2268
9802
28843
518
2329
5579
40751
7447
5831
2643
5532
6239
44197
5902
111
57
177
373
124
203
85
232
5216
2728
183
1644
5553
14888
2252
142
55
1917
10520
87
153
290
7677
4038
3823
505
1078
36278
14957
3837
3722
752
2397
54164
35429
59509
829
244
10319
17528
15832
6417
1716
25421
4483
1721
8455
1974
33182
29076
32421
42143
3190
1273
3024
10126
62205
2583
16927
665
17260
2135
13433
1912
4033
23566
3056
38366
4235
132
2717
4636
1498
38896
17047
3289
29839
17295
4580
31981
13149
4411
5751
233
4084
2128
14787
3140
3081
10510
3705
180
91
203
113
93
147
181
371
3082
2274
4874
31464
1776
378
1220
30130
4694
9256
2348
92
697
1755
52875
6423
3638
30477
17298
879
4170
775
1889
3007
21303
6637
9209
23597
17345
4897
33910
3284
5963
2751
208
294
158
97
80
82
22949
3624
2168
1926
1098
11887
179
358
10742
6004
136
107
346
232
290
295
158
318
324
3329
4640
9468
6764
26444
29308
22171
33625
5559
1938
3483
1598
6827
876
4984
1760
34211
148
192
891
4565
60
222
271
190
320
2788
5569
11419
27174
4616
1645
2948
4268
4751
14443
40049
4231
14211
23354
94
76
417
4471
285
181
247
528
241
199
253
542
3393
1222
1198
1186
1476
270
9513
2048
15919
241
188
1448
47071
4117
3342
3336
3167
3268
16385
1470
2573
7708
48222
50369
28909
52330
12838
547
1165
16562
44869
3015
37300
1982
7490
945
215
184
352
271
165
136
724
2548
221
2655
15078
10799
2522
143
848
5196
4387
1416
51
463
13661
2134
894
28844
2735
26011
4899
3081
160
8936
4338
2455
7261
1828
4107
18168
7571
19205
2226
12535
2961
2772
91
49
213
302
161
178
91
128
128
203
3237
3381
6120
7928
868
1292
4762
1900
22492
12144
25142
2553
386
7725
101
74
801
9409
5144
9755
8118
2229
2722
6098
9377
3243
23105
10034
14211
1109
800
454
11336
10461
2772
5286
18065
38620
2159
12787
2649
23702
8716
3379
2189
36326
1866
4480
3351
26382
14200
16489
6945
2972
25339
22675
32828
1555
7170
60498
6748
55587
3382
4209
6414
2272
2170
6745
1073
5891
21956
1515
4148
36883
6329
48957
7615
2356
1140
1406
4014
10668
14989
9004
33089
11399
31141
1659
2953
8289
19591
3181
4420
6479
1928
1359
14181
3188
4510
3370
4354
3462
235
256
156
222
95
123
175
218
2495
2870
5295
1064
124
1924
2196
40785
3569
3665
6726
89
8492
1840
82
71
67
141
738
12522
29700
4092
3415
11707
2193
6449
3434
31398
162
423
6684
4140
202
96
464
102
127
89
176
759
2978
9368
6072
23168
4712
6644
1849
45956
5488
38442
29693
4346
579
2705
1112
1391
5643
6856
2708
22273
42
114
233
38241
13153
3076
1672
742
2855
9877
2096
6430
1956
29490
147
723
4611
5250
28191
50553
15643
5734
20940
6936
10587
838
16494
21672
2425
1669
4406
33249
3002
4102
157
1127
2430
4036
48825
26059
13785
1427
32227
7495
7436
1596
138
47
456
365
330
415
821
227
10445
6218
11199
2351
2922
176
668
6632
31302
2730
2644
3069
1522
42664
36866
36910
8580
1607
8059
16083
479
17335
58665
45188
2339
4556
1332
30504
2419
24987
44968
21336
3205
724
2757
3635
11831
32063
11694
18388
468
6342
1242
13006
4281
1479
42188
2514
6112
12214
38911
3342
280
3711
953
1795
3985
1527
3127
2425
3522
28035
1585
2268
2027
518
3056
3137
27080
2535
2195
2180
1927
11551
13394
42743
34121
11674
36362
2268
330
8308
1808
12005
33049
18512
1324
28849
670
29216
4721
8944
3176
2038
38742
5549
603
3765
4000
2130
1957
27908
16777
19189
10428
2060
40922
2229
3352
1529
1894
9729
9035
1221
4441
15966
2060
2240
118
315
383
314
280
307
317
1222
809
40294
30273
332
17086
5760
23038
1293
3474
29469
4906
1638
547
469
72
46314
2388
1966
1682
43324
23512
23715
15901
4304
7149
11483
1160
34266
4388
45699
2420
83136
10164
6198
1133
3066
43177
1394
4039
3930
8491
3525
3307
10439
887
926
18460
21575
3138
12448
200
3089
12423
8229
509
6432
3928
9193
5257
539
32721
2909
1407
4453
1815
7897
57041
36745
4210
349
1499
83528
4212
3812
4669
14950
3207
1711
11122
642
106
181
163
122
3453
5304
3796
24468
19674
2888
3228
219
16889
2667
111
509
359
198
126
3330
29432
373
258
5949
2677
51336
4727
2133
345
60
10469
68
152
115
179
394
231
4524
6747
3818
8198
50978
4257
2566
432
429
600
11428
1081
511
4961
4745
4122
7757
5437
2253
200
18357
5628
11524
2008
46210
3002
141
143
1589
5371
1349
32912
4842
40044
28893
11987
1300
2191
2075
426
2194
5895
14796
46572
14639
21140
4558
3749
2231
7005
42398
4527
22923
4948
2451
2542
12300
4712
7366
26781
5082
4134
60
105
277
184
126
136
250
22880
6091
26548
12042
3416
2564
5344
6695
4370
60
955
15985
4893
3976
9200
18581
34009
36074
1500
7047
1835
1424
29709
17490
27662
11766
40546
2603
3849
966
22247
1541
1284
24269
280
194
249
849
43066
3101
5825
881
92
137
118
217
159
137
314
1291
4298
2573
1584
38814
1501
2022
1643
4143
3894
7272
3424
23622
46069
35369
64157
7540
60299
3279
8817
1870
1985
4932
2494
26449
1715
3439
3906
35743
19398
11357
52086
38559
19391
40325
14479
2221
2640
2689
6019
39461
37491
7513
2381
1834
1117
1439
13467
2475
311
86
330
229
113
126
128
3790
4373
1125
4015
6779
3569
1943
4559
8882
38383
6395
13574
2528
24138
2876
97
160
564
49
129
202
82
129
3353
10047
6314
23258
24588
2668
18133
1419
1256
10277
1500
12458
15640
123
271
101
1942
85
101
114
112
118
119
218
1035
322
2116
986
716
8621
5021
19864
9072
18597
27346
30120
8106
110
168
66
180
167
295
1024
103
233
49214
1996
1155
2662
5439
1019
42584
30956
29629
296
8300
397
1941
86940
7549
2149
2032
60112
3325
48530
21546
2034
1876
1499
17420
35773
3679
10802
2401
2049
287
7364
2770
4349
1294
4211
3754
39035
2667
116
123
93
3366
7782
3673
33438
1737
3660
1957
1995
5104
532
3165
288
19889
5812
9503
3836
104
8253
8034
180
109
609
527
133
280
296
269
522
2210
10327
1928
9603
21920
3204
4682
200
167
5724
119
106
267
364
148
94
105
2010
3399
2324
4765
11152
2008
1688
31449
2545
9087
3789
5261
1635
7852
25519
89
920
167
226
251
154
370
4725
9119
2946
7258
736
861
4845
252
1634
27279
107
143
488
1415
180
252
1449
12266
4950
3738
4352
1556
19084
4956
538
1693
7895
128
257
308
50
399
298
294
383
94
155
409
9514
2712
17101
3722
1061
1333
21600
1305
3152
7093
470
1271
297
1874
4224
2462
16667
925
48332
19919
1932
412
833
8368
8819
4551
2641
2776
2502
11298
7732
3786
17545
112
1127
331
291
735
569
644
321
460
3456
5360
26195
6930
11798
3223
2628
365
30436
4855
1837
17752
25109
1943
481
511
3061
134
466
262
1947
1094
3614
720
831
543
530
3012
21893
1723
5115
231
3058
2567
17777
9569
2570
3885
597
110
136
127
172
765
165
239
298
429
413
1736
699
13385
19790
5482
2189
26810
98
12815
204
18185
337
12694
1668
12476
28282
77
249
1182
3682
3584
1296
21608
2296
397
152
201
740
457
346
625
182
228
685
673
2968
2452
9451
4077
18384
1603
2497
7220
3691
6453
510
246
286
207
4744
1608
2197
4529
2884
1073
13517
2407
28158
10074
2611
7243
25467
5621
6851
1877
21874
465
2510
3127
118
64
131
111
197
418
5074
3395
6291
3324
6348
1230
22641
3307
463
1158
12669
41211
263
2582
2901
329
9109
35299
3795
1956
2127
245
3798
5841
6181
1131
287
1789
17976
17547
9223
5693
18619
4051
350
13038
1351
1159
4511
21575
26221
19699
36589
95226
2431
13124
18691
321
1883
3118
1191
4966
11688
1770
25404
850
33893
29828
3638
2492
117
126
164
573
171
202
195
253
238
494
1888
5371
30679
5822
9446
7861
1710
27343
17548
9074
1114
355
2024
11129
465
184
115
2013
2178
5022
20331
2140
1490
3683
3184
5099
16762
8290
19337
5750
8628
14403
117
142
375
330
609
285
359
243
155
307
1169
10282
3705
2331
2069
2471
31054
3637
3680
1699
41286
4946
1245
148
148
33285
539
1311
21851
34060
33474
17892
4864
13011
38387
64546
51272
2220
2354
55102
30269
3278
2169
3146
539
5282
9705
3259
21819
10931
38272
1302
4570
14708
17174
5489
11867
20928
63775
62658
1422
7684
2471
3461
3127
2440
23534
7644
68
205
160
180
222
298
1649
15270
1779
5075
634
4725
2296
15228
86
155
650
36898
22329
6782
313
1257
6469
7842
2024
1344
5682
2924
5426
19686
10946
22639
76522
8297
21950
67397
4959
9375
530
308
1232
535
2061
1837
692
508
417
703
742
2947
6953
3317
2161
1189
3150
2711
2640
1282
3865
14897
10594
2784
12987
5840
1096
780
203
370
5883
1131
3939
3555
22634
2172
32960
8475
28904
2988
32553
14736
9041
2492
4191
354
3362
129
53
233
192
228
174
175
200
252
307
3847
3248
6832
255
27162
5274
3016
28425
1441
7073
1085
13209
18014
9214
124
563
228
578
279
460
423
996
415
379
3672
2342
3953
1219
3916
24164
15597
926
7769
2030
433
18904
30138
625
193
14871
191
159
226
263
637
517
203
160
281
1203
9927
24412
2475
14040
2767
2922
3665
21476
10957
11000
29840
15422
1019
288
13265
22703
5159
1918
228
1733
127
121
501
52
109
125
211
174
205
149
4821
6164
9520
1867
6509
42361
1183
5909
23704
21606
6376
658
77
69
423
4922
103
62
342
226
156
106
130
208
358
1834
4134
3559
4132
3069
3025
4234
2997
5254
6757
23232
3449
40124
4466
13531
4121
17042
32857
100
53
1207
217
395
92
250
2912
6556
3012
1150
5643
2778
451
132
491
6556
8275
13205
3411
1326
999
7120
164
27014
20363
69325
73262
6478
22971
2761
3532
3515
3091
25904
3517
6105
20583
8232
363
40829
1851
2743
2327
4343
196
143
401
334
2225
2222
40524
170
155
310
497
453
278
1072
2398
5461
2205
5383
20444
2438
1881
5300
2507
14070
30200
24495
410
1886
9649
11965
2074
2946
16804
74
341
135
1149
3669
2256
2040
2476
6318
20234
11952
20958
18684
2686
2142
8918
55086
9391
64937
3264
6551
1528
3649
4540
3043
19460
13281
21742
22585
19200
3074
1488
14499
31029
47842
9818
10138
2142
2176
1106
5391
2088
1349
7057
49547
3977
29896
3277
5699
2296
238
136
346
215
221
181
5361
6046
276
17431
6260
12823
6621
303
140
688
3178
11834
7025
36306
8632
3165
1584
4123
2100
11036
10556
17251
335
357
485
165
259
269
1135
703
4595
10679
96
1896
8566
12819
1092
157
126
702
483
467
543
336
281
353
324
431
1055
1135
7687
16459
5181
2608
11785
38096
30614
468
1906
4932
16712
8929
8729
680
71
17022
5293
724
91325
5736
81445
3385
3723
1734
4542
23496
593
257
4540
5118
21875
11750
344
102
688
423
282
236
249
714
2738
4467
5845
1695
3286
6489
5405
14765
104
366
27832
2829
20138
52203
14316
5037
24653
5856
6077
1239
5079
4146
4200
23935
130
54
266
182
322
697
559
135
130
540
2427
2396
3483
538
8587
4907
5317
19003
151
91
221
279
344
131
336
318
425
4330
4753
5874
3174
12250
31291
145
4468
4120
19833
1996
7279
74
711
46
67
23047
4728
8422
28738
2281
16209
37182
41226
39553
5191
22026
29812
5001
9225
3347
4230
5644
2583
6654
977
1910
43339
2827
24076
43587
2608
1612
7189
2209
47822
1113
9641
18135
4330
22536
6585
4136
5442
3461
1731
10267
54153
1323
39501
26480
3161
152
184
174
196
270
350
1151
3084
5924
6305
7656
22926
1397
297
1920
101
7341
13360
22589
4000
8626
289
96
701
59907
15876
2215
15765
15184
12994
1028
3581
5265
3632
2143
12535
978
13572
41382
20957
928
6734
10711
3015
4266
706
2524
22215
4485
5206
28335
11201
10598
1543
4285
17418
1924
22954
1642
5794
4616
1133
244
8397
79602
47235
83839
1645
1904
3338
1757
8609
11416
295
172
458
506
372
378
438
196
764
584
4191
3198
10586
7440
3476
3504
2354
9396
107
53
116
156
208
114
126
127
237
3490
4762
10735
8723
2213
3017
10093
10535
8422
8919
231
2290
6952
28044
192
170
1493
297
299
841
307
819
292
399
573
506
4610
9668
11243
27890
2446
6987
3670
41282
10080
24382
14996
14818
26851
212
349
790
1932
3534
4435
26345
6515
1604
6941
1258
10725
19193
18225
4503
14241
7371
285
798
535
573
352
440
468
1078
26723
9189
32921
6730
10593
310
471
1937
3405
27696
3402
431
7637
17585
3921
521
116
443
209
213
70
212
155
2217
8930
4303
6839
20353
2228
456
28413
1688
162
326
6872
8823
7173
147
117
410
3986
1592
287
1087
2702
2793
6801
1330
1043
13618
947
119
6965
22923
37451
1832
1996
7715
4449
17396
21997
4442
6436
1937
6868
4089
2246
317
4541
2016
1652
2914
426
719
313
368
973
3891
6588
4913
1558
5071
307
396
552
274
259
258
227
215
569
1790
10141
21720
7377
2851
7145
16271
3675
13566
61
2079
5613
28630
20786
212
339
362
924
615
5969
610
1505
5620
4724
75741
2146
2146
8426
43790
34335
9309
1138
6699
2990
1640
3573
155
91
89
250
107
907
255
1547
6761
6638
8127
28457
2471
4673
230
1092
3748
19752
148
739
10940
11048
979
1860
2912
38814
2668
6073
4053
1422
5842
4859
9833
3546
30357
9206
3371
37541
387
6205
3263
2291
7147
4258
2892
2513
1901
6588
19958
58569
36131
9024
2107
3675
99
3285
3191
3013
16782
726
8598
1019
115
210
328
137
81
409
5676
5986
1391
3545
94
176
136
176
311
165
352
460
226
403
4151
2271
3803
24030
13696
8263
24361
371
15816
980
153
134
981
76
262
370
280
8084
6297
1770
1496
4796
2994
342
148
4233
2095
590
23264
34430
4502
4858
49377
2750
5076
1909
1651
4280
1209
33141
2014
3077
263
1992
2574
5650
21297
5386
3817
6959
23846
4863
6632
19285
4312
13110
440
22227
27544
3298
441
3460
2260
2404
22828
1548
3288
19526
15045
11376
4809
23773
238
17854
5082
22384
2552
24078
18488
795
4026
2372
5708
9964
3441
8093
2815
1879
34954
4501
7034
46165
16595
7761
5621
4563
3312
9377
4764
1209
10073
105283
30335
21348
32586
10268
2783
3561
3069
22202
2729
4695
4182
83303
12673
249
41
4448
21658
4385
1570
3551
367
1150
1587
309
665
15480
2698
2236
444
3029
82
296
306
278
1843
1773
3723
12755
3081
9701
30887
5089
415
55401
4009
2189
26948
1695
1308
2766
12654
8314
1749
2615
3313
98
282
21793
4287
12472
385
1233
1010
4307
23852
12309
2968
21682
799
1080
1997
9559
108
955
4180
102
136
185
102
108
263
5626
3999
3173
1703
1324
3714
542
2010
3707
16750
1107
67
80
9065
730
2991
4593
6172
4708
27191
5349
346
3642
30378
3479
11559
8597
17891
3695
6626
6430
5262
3276
243
10305
3261
43396
13214
3119
7724
14351
242
142
2446
1666
15700
1213
1568
4377
1180
20431
8292
1369
2592
6087
21181
1468
20302
286
46711
1553
3327
10681
10049
617
388
32378
5160
6478
15209
2342
3150
27368
8089
1957
16846
11063
4338
1656
1948
600
2300
1768
16946
702
8489
2574
5606
6020
8240
10487
549
29867
64
534
19370
2256
117
141
382
15400
4120
26692
13974
3216
3407
2645
1053
494
960
3625
21565
10561
1887
143
166
246
167
129
143
639
13766
3559
8086
165
7118
1978
3238
2177
3380
506
511
34769
169
1269
5258
2761
21767
4258
39901
48128
5007
50270
45214
208
1597
3764
919
3400
7885
3136
22017
51
62
326
393
212
255
183
565
259
5168
7985
2179
27864
15781
120
244
64090
2145
27827
13490
55860
4653
43464
3798
1574
1579
2067
10399
24127
6522
144
340
936
4717
6442
5327
3972
9345
826
3345
996
9438
1641
16298
464
3489
643
147
12913
43
163
554
98
132
68
212
307
4378
4943
3230
14200
3948
1763
4872
21584
11210
180
226
735
6399
105
98
217
167
193
254
110
353
1190
2363
3288
5756
29914
1378
2647
232
5155
5392
661
27033
16812
2087
10757
1660
1069
99
23788
679
1436
32907
5487
5997
2647
8952
29483
5006
27348
3763
3441
40632
1687
21782
4263
1605
3681
1552
1117
1844
2306
23219
9296
107
134
157
344
441
1993
8102
2904
6347
33173
4798
2429
4973
20179
30326
48872
24783
19163
4707
10710
7049
11293
2197
779
66
282
10836
522
1855
1625
692
1434
1743
15193
6078
17659
208
1736
2427
6673
6619
260
316
275
300
201
28073
2051
3960
316
3163
1046
1407
5581
15056
564
33754
4663
593
444
5103
1721
14244
4284
1703
276
196
3327
670
207
492
437
639
179
795
3893
18161
1728
6622
17605
10030
1150
2956
3652
9915
1140
25046
33870
11907
28749
264
18661
262
32493
19884
45349
351
351
513
12126
107
165
263
135
4209
6534
10014
6685
24427
3129
3147
3106
17745
14648
34758
5939
20330
16602
122
1423
3723
4127
3393
22794
8182
23104
52
586
670
51960
5093
4133
2443
6694
49515
44117
9609
7561
98700
181
3295
1723
2055
1307
3293
250
2358
2530
28507
2766
64391
2689
5748
67
2274
1844
34204
19768
7532
38809
82904
8172
77972
105060
82547
37661
868
1944
5505
3671
36636
7730
11629
227
2500
5522
5771
6414
18539
14772
16243
8102
15248
2210
3225
3158
5952
15543
3856
1066
367
7720
131
129
331
294
5000
4147
10665
1730
8199
4313
550
212
45952
2982
2995
2147
5613
1324
75534
7112
78752
3809
517
6106
1680
1447
8712
559
1006
60716
706
4341
1695
29004
3012
7048
148
135
649
209
132
154
106
326
4604
6402
36955
695
5554
2344
10459
12223
1343
2466
36158
363
16331
10818
2963
41
615
43655
5308
20471
25106
42305
3172
3501
13375
48932
42324
6624
3862
31790
2423
5487
5024
6618
22965
5513
1024
12424
2439
6649
20503
2110
45806
891
5501
41480
7401
5696
4194
15513
1556
20592
2158
4450
78930
228
90
332
177
42
47
281
470
4848
26934
1812
4571
32695
4075
18117
4894
227
14000
121
148
1401
2521
3990
4255
8670
1870
837
2285
5107
11291
58625
17876
47819
10786
3687
22291
2463
1429
2159
98
89
455
117
115
82
139
229
354
8531
5316
1341
711
429
2389
1641
38
1605
2996
2338
151
867
327
4066
2280
4605
16214
6868
2655
1770
1531
568
384
746
527
131
342
1045
1369
1251
10298
3381
291
719
5341
7899
21789
2193
3565
1312
358
31090
34825
53343
2537
58321
613
3553
2603
8955
20721
1256
2381
1507
2916
27086
19101
3097
8516
65118
36687
3088
5496
982
5003
5087
25046
3115
4753
5713
20066
5269
721
1114
25908
12252
5638
3811
3391
14143
28538
3035
7625
427
15262
17126
7714
1515
29440
9339
10787
4055
72646
23275
798
32645
7661
6384
13212
636
83161
2266
2466
1222
25042
4359
1760
1423
1923
2660
6079
5584
10052
20832
44614
27350
43526
15656
49898
28389
7137
3622
739
70719
2137
1456
5586
2592
4171
5266
6377
1871
2562
73461
1733
53008
1464
20604
2613
3039
3439
1327
31856
23434
30604
2109
7629
8235
43996
53915
7778
2448
1162
1616
1973
3394
5744
1077
87
318
262
558
120
177
188
216
2554
4089
6735
44103
13713
4805
23941
2900
1678
29970
6727
35313
30609
4469
513
17169
6751
6483
134
84
283
7886
2463
4109
45368
4440
283
11538
858
2365
35181
229
465
318
214
235
308
193
687
3490
4833
2779
3049
18636
3637
1929
278
6237
1862
3184
155
4217
1695
5729
1104
2934
30373
23128
31742
4223
7328
42450
15668
7932
2458
1440
60519
2009
7959
9810
18847
1260
2183
1418
3218
3741
4780
22280
43704
86286
802
2133
2788
26693
25102
1374
4992
4716
2464
1802
19890
67596
7122
3346
31952
2306
6026
8010
5695
1485
15590
40113
26940
1480
96849
52608
97962
2008
231
2224
61691
2921
5396
2331
4454
306
264
1021
1265
240
490
619
607
430
908
2243
1495
2380
14528
4680
24639
1889
1185
2607
15752
249
2023
346
416
245
308
312
182
893
25816
10103
962
136
608
6395
1549
5996
22097
23454
45851
578
12163
25484
1376
829
3522
1237
1690
3747
15552
37066
20750
40627
4131
3726
1665
12386
20913
53764
32195
10353
2297
1997
3038
177
234
370
528
230
480
157
307
252
305
5354
7562
2797
28443
7776
1482
3365
2077
20539
428
28313
18318
307
13450
27463
490
14320
40356
2035
4828
41074
801
17535
1536
1329
1944
1043
3874
4888
2177
947
23406
1773
5102
1939
21013
5739
286
153
239
243
541
250
290
299
219
306
566
3560
2486
4542
8069
4679
19842
3758
23504
6601
61122
1620
19253
9506
499
3180
2220
2343
951
1095
917
1177
2049
6984
6837
261
641
1720
2799
4395
4166
14842
3398
1582
10968
38345
8913
429
2044
301
102
531
144
214
172
386
542
788
4615
8793
4225
53232
365
1132
3743
10029
18158
3165
21310
266
942
17013
38076
384
1875
8941
375
5335
2826
32181
2861
4695
23392
41154
1718
16567
1080
5238
49101
164
706
293
363
438
443
248
1174
1309
17751
27038
2618
9434
4064
58
228
1270
3140
19912
383
29254
3845
83082
10503
5073
110
246
176
166
243
132
268
323
186
1038
7056
30644
1827
2579
3184
1440
24351
3242
3491
1032
6127
42904
2050
8524
13122
494
13970
57503
4172
30978
1359
6898
1847
14826
10434
86
313
448
1759
5021
1804
2430
7418
11080
3826
18449
45702
88863
30279
2891
2681
3232
28120
5741
5743
40623
569
71486
9207
2175
1460
88508
6898
7722
40551
7541
19155
3281
5288
7326
2492
4772
70539
1966
7961
8893
4756
17390
75287
93503
6031
136
137
275
617
394
251
468
690
3478
4824
6462
8174
555
13918
2070
117
2418
2725
1053
7268
292
331
617
1624
6948
31823
22655
1958
1537
28698
2774
21441
14873
2639
3670
2996
33416
313
3754
2239
18514
8735
2197
19255
3723
3134
42552
2894
8325
4159
98251
97465
54490
4586
73685
19072
253
2698
2017
21691
1764
1018
4313
1845
4771
35228
1301
26427
3904
8114
5509
2282
244
4996
2636
1580
606
402
44136
4582
8444
4348
7917
386
2110
19411
67007
4415
12326
1889
4205
8340
3081
4522
40776
50677
6050
3138
2754
3684
15019
2600
42355
7709
531
1420
18952
5905
15656
2817
35214
167
145
218
3141
5399
2512
16283
59286
2075
64181
3306
21298
23122
236
1922
2314
20705
3438
2082
512
6548
4275
2261
33228
46974
34635
57563
113930
5985
167
10403
1261
5349
3149
5156
37364
6976
1509
1034
8512
1938
31920
21629
371
6647
15639
3677
27176
2733
7983
1226
84
19551
14392
17067
3585
15329
514
3737
3196
128
3279
11220
5313
21548
12314
26335
323
242
4423
3991
6080
2290
27586
16644
1890
17487
14657
7555
2244
2978
3330
4192
6016
4063
16031
4548
1985
3072
1753
5511
10764
5431
62894
2832
1436
1523
2730
1215
20169
17090
50300
2664
2689
3030
2139
205
2500
5067
25813
7157
3300
1788
7678
4242
5006
2087
12604
4766
3907
1623
6004
84978
47862
215
123
246
354
1982
3806
7550
32567
8243
4983
1064
13468
5177
7509
3367
261
395
18513
14693
3463
5485
2008
17559
1404
4017
17376
3242
1896
10158
2212
392
451
18163
3752
763
7166
7224
5810
1065
236
4153
1603
60361
2442
56486
19082
1612
2282
4638
8049
1922
514
4593
3734
2695
9588
33266
25726
2742
56789
122723
11003
55835
1847
2370
3339
1075
4683
898
427
527
16019
2076
18413
3857
2517
10249
26323
1557
4412
4612
11519
2277
16154
11483
6865
830
3310
13420
5508
48117
65393
2050
3179
2909
3982
10850
32528
2806
3076
200
183
928
1239
170
187
617
4605
3360
14845
29343
309
1669
1522
7392
16214
32861
1477
19683
9766
20255
93
142
440
148
65
147
76
70
94
132
443
2686
5385
1364
4626
5885
20725
15214
43023
17877
205
2284
7700
3601
47
54
448
177
58
305
315
379
734
194
569
260
4686
1598
2353
1693
6322
8339
16912
3098
622
56
125
346
9373
2418
14463
5537
5776
1979
44423
34245
7824
9359
2603
5896
35721
2511
33049
2235
7238
7217
39335
5453
36854
24043
8246
9127
7489
66
44
115
410
656
197
157
426
108
344
1897
5953
1977
3521
7385
3298
18018
239
4485
39697
7295
3227
1074
156
124
314
145
759
646
329
448
453
417
444
987
6396
4894
4590
1492
3462
4586
22967
5037
2477
20982
5867
7527
2027
52
294
1080
1336
4155
810
4114
1447
20740
16192
244
2522
3111
2868
20013
28865
4691
3313
19689
10117
215
123
369
151
168
386
151
530
4284
15782
2916
15080
1088
1704
2240
10018
1516
2622
2224
1058
89
115
5649
1395
4882
3206
1753
24872
4959
27228
9189
2825
1683
4343
5840
12067
56051
62698
4775
2895
41577
1992
12859
13400
79343
2823
14020
1857
8531
508
37030
20016
96025
2048
2100
883
4007
1207
3844
13135
3357
2263
8952
4523
12243
2847
19266
13517
2341
1282
20955
10648
12209
2975
1180
2121
16506
47564
340
22189
3254
46953
13189
6586
129
68
199
182
92
114
177
225
4570
1579
1541
13203
2430
3947
4901
3330
4237
154
225
521
2645
2918
5626
6492
22838
8751
424
1432
3172
19201
25084
2323
5467
13456
1548
191
5214
2189
2587
4230
35151
135
580
2889
1221
11136
5972
49420
33145
8623
2450
47453
437
1377
12484
1553
35491
7171
1742
5933
3568
25779
6396
39293
213
74
114
229
216
3494
5891
4610
3519
29375
6316
416
1702
11132
3520
2572
9340
900
213
12938
78
70
574
2887
58
65
244
177
265
171
189
4697
4149
5906
5805
35640
2329
6225
432
10893
1577
35637
1301
5962
5999
76
100
793
170
84
227
216
1827
4860
4837
2114
14320
44016
3114
2575
3267
3642
17232
599
3767
18818
40421
6608
78
114
1606
5510
29957
23042
52219
5546
1662
351
47844
13892
66416
24710
25005
57535
6790
10430
2237
4419
2859
2809
32000
10981
305
269
548
214
4106
6390
3026
3058
26354
4693
6315
13420
18932
12533
840
2807
4856
18640
17339
16305
37580
2239
516
391
11871
36693
257
8819
7524
5265
37092
11793
2989
8050
2238
6844
1462
46020
3570
10186
3600
6200
34528
3231
1989
2135
4231
3330
44730
47745
5890
2317
63215
399
191
313
282
354
336
284
367
1085
6025
1115
4999
4543
3292
16950
3897
286
4094
17941
1031
167
284
76
42
246
148
196
225
88
219
957
52
292
146
160
191
6746
9581
5030
52982
5630
8139
20754
3501
1669
19378
2094
213
122
2991
5481
17191
3702
188
96
874
14289
6309
3134
8021
33688
6320
269
1674
6833
23109
27963
50440
36042
5531
26576
32735
2842
1756
302
8565
8207
12182
13012
3407
25498
2900
3043
6484
14550
8400
2573
34339
17412
4147
32846
1814
42702
4938
1124
6762
1067
59708
37465
8109
35662
5018
66
120
153
407
78
4935
9330
10620
6420
46638
4275
1750
5913
5548
3690
13142
2941
19476
27228
10413
10831
7496
1445
171
27563
330
189
125
1227
2467
5722
4181
4485
40900
2484
14961
2676
9638
6384
47271
27311
38058
171
6369
1509
96449
5494
34827
120
7194
3250
3256
13438
9046
10631
37566
3402
806
26947
2830
6059
8241
1120
7519
75625
46718
5747
15841
4193
734
1867
8031
102725
3641
18533
3943
5385
1669
2821
6157
13266
8338
3738
1924
2624
3490
25493
15057
1085
4922
1231
7579
30905
72057
25771
336
1602
3077
2641
4490
4636
7514
3701
23896
1305
19163
21782
29863
8061
73387
7609
5954
7548
2536
4204
3801
39970
8844
2034
13231
4066
239317
5597
2897
44108
3717
34111
1952
230
4503
6926
8250
8347
23661
8000
7642
3618
340
4838
45256
21396
5678
23991
28217
1028
8220
309
2927
1800
3424
32700
5294
2423
174
3989
18530
38283
6507
19210
37669
56344
6640
6754
2487
4905
6614
4247
26986
4879
11846
3413
2698
4067
14151
4347
1251
23881
4885
956
1436
1192
160
1054
167
354
253
558
1890
7577
5218
10541
12380
2295
272
10603
9446
16209
34367
4066
400
161
881
2644
5774
202
9154
1162
1399
359
207
22527
25625
6826
1833
11597
19212
1000
22930
12876
3825
1860
518
746
61
365
930
7979
4461
8380
5930
1902
208
6359
1597
8323
696
333
298
3958
15520
48866
4380
12068
27293
1240
5755
4188
12854
16395
4427
865
3967
30309
54398
21570
67655
18760
1745
2744
9161
168
3232
3159
2440
1071
354
1777
5439
64712
2077
1904
4367
6097
2271
27831
4848
1616
13355
12936
3578
3207
6589
273
14609
39399
23522
25785
6883
3957
6519
80049
14465
956
2049
1822
3702
1700
167
366
159
6123
8373
2191
6829
7820
15610
16736
7879
18011
4539
22997
206
14293
329
2735
16718
171
2552
2264
4971
7028
2323
30809
20632
3621
221
12690
27430
6922
6558
2859
57886
36143
2261
2508
42592
47012
7053
29393
22817
17165
2566
4185
1768
61180
4944
53992
13276
75277
513
5123
6028
4142
2141
5196
27862
3929
2989
65745
48352
8884
5025
628
2717
6262
2542
38175
36730
8391
32414
4442
7063
2237
5340
10588
1929
2178
38239
4674
6511
11444
25740
25810
42033
41247
1116
4232
3427
2229
31243
1822
3432
15737
342
86853
75670
1659
19628
1545
87324
2946
4882
9081
6296
4925
838
1979
2507
1053
5858
49473
3747
39520
8568
3135
6866
1641
1947
7399
10316
10466
1328
14394
2856
12333
28403
6085
231
226
149
188
7618
3716
9794
974
40617
1975
28847
1057
32646
7165
176
660
91
383
1636
6629
1919
4853
24867
44967
4727
12580
2097
2591
12464
797
71
166
15343
389
240
3450
2289
7500
4288
45394
19498
12900
4543
5862
1112
330
2009
160
695
162
5720
33212
4962
9429
5133
9997
3228
17923
10767
318
7337
1969
18331
39206
6284
25272
1915
7873
341
244
354
445
3635
8832
15295
30797
237
1594
7966
18620
1697
3011
10675
430
86
8742
7332
3937
5384
3547
1521
2226
6571
64161
59646
1503
3068
3446
40869
5583
21757
17798
3070
64063
39150
5700
1830
3220
9795
660
1547
1443
1174
8461
2434
3323
24253
5118
26515
13554
1964
6451
246
39626
18879
240
26346
46415
470
121
171
777
12178
21256
4635
7391
2525
666
8234
1636
18110
17892
192
2398
15133
18006
1666
10983
1275
45256
840
30631
1215
22561
14947
17973
2802
7181
911
7487
58263
36567
53265
68148
3944
28586
6840
1839
1425
5274
2525
30259
81372
34877
13333
2967
3075
45113
2638
5042
3137
12945
5355
3880
37993
8815
4940
4942
1849
6901
2644
7847
39651
19473
53922
306
7857
1175
108
144
2402
1372
166
10909
54
6203
7505
28620
13062
10971
10165
11915
43000
4415
4696
1754
5095
38639
3976
41903
5350
134
79242
42282
7166
11629
2563
6420
24043
1318
1381
17110
1802
3261
218
7071
2747
9511
1308
260
3353
23792
12251
104
661
1035
3224
5043
2809
232
1324
4515
4537
20196
142
3819
2759
9470
1195
601
2384
7643
514
1572
7105
9508
4682
2988
9483
1633
650
41
1253
17555
6017
826
324
14853
1393
1959
4199
110760
2354
1238
1854
298
3717
1841
2351
8810
2549
5497
33526
15240
2495
39189
8847
11754
849
5117
7905
2062
6132
247
3819
7470
16764
36967
1858
779
5398
58280
50424
75996
10714
4573
1120
4691
30334
2472
9897
2474
2224
9931
19508
21729
3603
35410
17166
12424
11956
22275
1971
2703
13287
335
23130
116
3301
1110
5313
1523
2406
563
389
890
1633
12135
2837
2253
298
13149
5250
6730
22511
26283
52426
4084
4336
3929
2709
281
1401
705
2138
5982
8397
22644
1390
2081
9347
2920
5440
4946
278
13954
27209
2694
15439
1218
56423
26362
6489
878
339
1533
1146
417
2578
910
11468
2314
7951
618
1890
5027
30442
143
1044
310
4161
306
1054
535
2201
14584
10000
5055
2578
40073
8944
882
5501
3426
14123
2714
1442
1595
1962
4704
168
14796
34464
2138
6449
101
3355
3292
7742
105
15851
1400
2046
5352
2825
449
946
2167
460
365
6137
8020
4749
1807
2515
669
240
469
377
8504
1797
3521
8164
391
385
299
717
201
10383
3179
1786
10214
3263
3152
199
3110
370
9456
5999
1697
237
102
223
256
418
239
392
260
347
751
353
5951
2129
5582
34705
18157
3726
172
5019
32
488
12103
359
333
550
444
556
940
478
487
769
2849
1759
3367
724
170
1250
12270
1993
10830
1975
555
1813
15608
3485
22935
2995
3230
21656
5849
4183
49114
35526
45670
6949
4664
23766
16952
5400
1773
3313
3282
2206
10814
105
150
1169
106
269
127
269
481
1578
782
159
988
621
619
436
926
1795
7934
1429
335
184
301
582
421
362
301
294
274
48149
3974
445
299
463
4526
139
723
409
1112
212
270
325
142
445
883
925
3471
1310
12118
25447
2329
8806
2411
135
2885
14380
3670
8890
3292
455
18215
44
53509
1887
830
1101
102210
43034
4829
56154
3358
3799
5905
5737
8692
21641
5037
37920
487
1865
10679
955
15299
31563
5721
29652
3278
1114
28273
3537
1037
27361
1892
2341
16172
32990
3662
63967
22909
8798
40745
48585
4174
9242
44399
90743
2128
4666
5741
3408
30057
12337
24511
334
2852
1802
71311
785
1610
68892
50873
7257
6776
4639
3361
17261
13127
428
7935
67527
30089
1428
2319
14370
11307
64765
4862
75352
5516
18806
34237
403
2868
4178
1365
266
369
746
1465
1019
2015
436
1843
1610
238
18164
36601
3531
59041
895
1311
58004
3206
4663
35657
3758
9911
8211
30399
1001
4039
13564
8613
7448
70035
2190
872
18939
89947
8009
21093
9303
798
51133
25150
15603
899
4455
5547
46804
11305
2604
6253
98672
89597
9876
29652
21851
14458
33203
45024
3027
352
2284
10414
2331
17384
38715
22282
454
1524
39002
13635
23861
3011
1270
23628
6443
13628
39634
2561
8683
50513
173
1243
14203
2209
4173
17793
3394
38697
1984
36312
5162
12054
41051
4298
3938
1982
49082
34475
1738
3880
27791
35509
4719
13741
85217
35859
2775
26936
416
2658
169
140
2029
8912
3503
10314
12488
6969
2686
110
404
8581
314
705
82
550
3717
8276
2580
975
5261
1506
11849
9073
6068
1960
3932
3336
2834
5267
2838
29896
18057
338
422
577
274
424
712
385
4989
3761
7279
8853
7692
8804
39603
7297
169
33064
2826
1865
6237
47029
77553
5606
17040
80215
4143
7879
20541
2402
2381
1775
16457
809
2539
5467
31524
50779
2248
1086
1270
42639
29661
5560
10829
90314
6420
77037
6761
5437
2605
6696
2880
3947
33806
42469
4456
12612
69314
1826
5935
697
2836
5677
5021
4154
5221
688
1353
9749
1383
15305
6019
4713
154920
3610
9387
60921
26628
3342
11159
17381
767
2585
21214
4739
6604
22665
1796
5130
9672
40098
4402
8431
48032
198
4870
23212
3965
408
4582
5615
14739
11475
3266
5091
4948
5485
2215
8303
2706
6073
1406
12850
3251
27031
23091
4618
52697
15084
2610
671
4328
3015
7235
528
56906
14330
3345
2911
32117
3369
13560
71387
7726
95174
11272
11117
2634
2687
2476
2933
34143
1291
18701
10709
2462
67033
75228
5744
44359
2846
18905
1055
12527
8184
20168
1722
4283
4565
2682
10673
17343
2168
16325
8796
1655
23118
3500
2251
2263
6622
12994
1456
17941
19600
14648
1489
3876
36847
3282
643
5840
4388
275
374
434
5439
10946
8316
86159
7570
3604
182
419
458
5773
2216
1873
729
60638
3459
3874
2291
389
6236
5669
39406
44305
8378
970
41964
44910
56644
10910
58532
2694
5835
495
976
1202
1887
2264
7680
5302
21739
1761
57090
3907
1452
4956
40444
3329
2627
2431
4437
26041
16265
686
2268
2576
898
979
1891
1050
1093
2493
395
263
2206
45684
5037
2631
4170
31696
44335
5496
32612
170
3070
6682
1496
13079
2640
3606
12197
8460
567
5172
3064
11619
15230
222
191
729
771
154
245
297
340
298
332
279
6558
1179
5352
2471
25995
2000
1626
20813
7053
474
19721
89
160
296
66318
10831
1695
2443
19024
7512
42270
13150
2037
16430
3508
31607
3589
1140
307
6088
4859
7065
2604
8740
45322
15740
1465
3309
3895
2346
2007
1692
2905
193
653
2335
1449
7803
20180
3851
870
2607
394
6879
2106
3696
1018
17818
1927
3345
19417
4925
3950
2314
10327
32590
51450
16043
1520
2387
4098
7726
1919
13533
50190
2848
694
2135
18636
1862
2627
3182
29364
2859
3457
7068
6340
288
343
583
453
2162
398
312
1847
574
173
595
3314
6774
9978
70252
7998
6146
3179
30728
25587
4051
150
92
10927
4975
971
56950
27282
3685
33139
5548
3203
3792
10892
1732
3265
1260
1798
23901
23258
4213
30216
23955
79699
1317
2180
1116
4457
953
5232
10227
18429
1373
4939
240
2826
2878
5375
4959
14112
8829
135
2487
9129
55039
3254
10112
1974
32832
4818
25539
116
8284
40581
2838
185
2159
5469
3467
19483
4328
1896
31028
25050
8040
15025
11450
3372
2070
6044
2246
2958
11321
2889
618
2461
5087
49917
16876
263
3215
3308
15332
6330
2752
25687
3883
4775
32377
38015
51473
3714
13810
6280
1369
2228
10735
2518
222
35287
5975
2754
16862
31182
57586
3342
2861
2374
7857
9857
10972
7125
471
5264
3484
16036
7026
14317
13841
2778
6884
3632
3694
5215
24853
2643
369
4844
1049
2245
3337
5516
961
6769
529
92
443
928
216
492
435
591
544
149
278
10060
85716
6898
2639
5834
3465
189558
41310
32124
11555
27358
6257
9071
10940
360
1500
1992
28944
8850
2134
4082
22784
1903
1954
1108
5267
138
3529
3020
14551
3721
2019
174
5224
26755
25658
34618
1413
841
23594
3089
1917
5526
358
4150
1912
16048
19429
3362
6979
343
345
451
540
475
573
546
1052
3391
1882
17606
2077
58
144
1214
4490
1407
730
20532
6037
878
454
150
293
258
339
378
6979
15024
1248
237
123
20379
2522
3542
18075
1204
4560
31662
3025
11714
1172
13372
1329
6550
6884
221
971
5922
2534
8786
4474
3334
9822
2790
3426
111
9615
1748
20547
18371
41108
22276
9563
4917
1402
4597
5115
10303
28938
44520
6396
1547
24696
5458
1315
48089
12736
48314
8498
541
2313
2532
26009
3065
21692
6926
249
3076
5831
1485
667
26951
8052
32641
3778
22955
1513
5414
9676
355
280
103
226
244
240
269
229
4693
21070
4369
4109
170
2416
22530
37154
1493
1775
591
20864
4292
3011
2114
5667
78527
28128
18461
551
4056
41992
8468
33300
3437
15407
8716
4021
1365
446
1677
21525
299
3094
1066
2973
3448
5776
18099
7121
12821
142
3723
14669
1011
11541
1543
25741
5168
2158
4104
6903
1817
46853
5998
3269
1684
6730
238
2221
2336
1746
27840
327
10298
1664
4310
5963
32546
1952
20667
2614
2125
6517
727
107
310
4250
3255
192
162
357
213
358
4229
2883
39007
5643
3865
23919
3178
3384
14915
199
362
110
344
12890
12691
2581
4017
1880
47417
6787
1799
36111
8475
2509
6742
11598
175
172
4470
10544
21277
4688
3071
361
7384
52081
41202
3909
601
7189
22291
12370
1253
22770
3099
3637
200
181
138
111
111
154
231
2305
11911
15304
1646
6701
3835
19862
1400
3720
1122
24383
7266
177
360
2696
650
139
337
6154
2160
5753
23983
28935
24231
2030
6472
21607
686
1923
2610
13741
1348
252
2866
4119
150
286
117
26846
2505
1225
7537
7472
44739
1204
3131
24837
16510
27037
1716
42121
8166
821
269
4508
906
3928
44137
5679
2521
2897
24943
5492
15866
3472
1281
3794
82554
12366
8048
2298
50071
4223
26050
366
6842
303
4104
1794
5358
25453
63104
806
5140
4759
31092
42935
127
1936
2243
1711
3919
489
2461
4351
1418
6095
26100
1322
13268
1882
594
3837
4744
5781
18084
4564
8825
4918
1619
269
3963
7097
6069
43311
34378
9393
2345
1182
5892
45081
5504
1855
150
7614
22342
6624
1451
1251
40526
7601
5572
7896
2050
24903
22914
7286
1620
17345
6059
2426
19105
23872
8121
259
5407
19962
9836
51871
5451
38079
552
2397
9226
5245
973
9728
1653
18361
3442
3206
2880
42161
3134
1430
399
18778
37261
2398
8333
8127
7971
9320
8213
2466
2769
2591
5639
210
21296
52533
27607
50617
1198
13341
15238
363
421
4407
44178
24766
239
11436
16853
103
85
226
240
231
133
192
119
169
2771
3123
296
25525
2112
3854
2585
90
27968
2672
31623
3737
4529
47042
2180
1016
6844
4497
38198
4670
15722
49132
13429
4451
2232
7609
588
2203
3641
1962
3730
19446
33470
14189
3854
23693
1217
40411
608
6556
91692
1058
7674
28986
7814
1181
5521
2992
9900
3731
8931
9590
14739
7748
3739
2584
3297
4517
4726
2808
5356
3426
60482
29309
3364
10340
150
5008
2506
15565
12071
943
3372
6480
1756
42757
3106
1220
37438
4366
24856
28026
81848
7877
1934
1755
5407
272
17486
2722
3637
4560
83080
2877
825
44818
11490
472
21028
3998
1887
5012
25973
10258
6734
14715
235
3996
3312
3135
3623
31864
4737
26341
11021
3874
9913
19788
35300
8651
9578
61
897
231
276
218
2042
3000
8053
5489
2559
2706
16109
46077
4699
11354
2441
492
3868
14675
336
199
343
16431
11507
2427
1225
745
1699
2232
7273
15922
295
319
169
936
408
276
479
521
452
3421
62391
34631
1680
5822
7189
255
4849
37183
309
3751
19824
23106
21959
342
154
522
5039
46912
8742
3943
4285
13011
1061
1360
1861
996
1062
7159
63992
3731
1516
3152
5096
2355
5510
1560
3032
144
107
301
468
178
229
200
121
282
974
1663
9133
11019
13933
1310
4051
17852
3069
26724
33794
344
16638
215
156
87
417
5543
48876
3496
1978
1207
5205
5662
7549
57141
1784
30928
9684
3850
1779
2044
9730
2143
2598
27928
4207
24349
253
2452
9460
20641
2955
67749
3217
5344
6641
13297
10766
9514
48593
8820
6522
65054
14967
2430
2385
6781
69237
85701
29131
326
2100
2187
19497
1976
11452
2426
63121
6098
1582
3910
2002
45958
79870
48872
5861
441
210
8297
4317
32832
3003
3418
9484
4393
922
3054
11975
720
36926
6367
6759
22829
2567
6235
50239
4486
1635
1094
54798
6462
52605
14779
3942
5646
30537
6046
37358
4787
94099
3302
825
4773
5758
3419
28989
3841
2207
2402
4921
6263
4058
226
449
538
280
216
211
213
232
570
858
23226
12596
36345
6402
2292
2409
4869
117
2704
2242
4200
5171
414
143
159
2466
4102
6711
1531
7397
10979
6432
1453
46484
45371
6465
54601
1172
4965
16212
26017
4788
298
8344
56255
10834
3438
4707
9575
1232
1029
31082
6926
7362
37195
54238
5574
7431
2344
1303
230
1888
32770
4982
8270
627
6215
29885
35588
15400
3972
2364
2863
985
910
3601
120443
1982
5724
28340
5607
1949
1420
22099
4565
55923
12516
2827
4726
19821
6602
1981
4932
3915
5113
1809
33982
7490
1641
26619
55050
3162
1657
3797
5236
66759
3736
1358
69618
7730
500
10405
2101
21077
5271
10032
2331
18241
8138
449
26292
5237
2785
1363
8124
2963
247
2165
2345
1589
2633
22069
2635
893
31198
33609
23257
35691
20180
5145
198
2727
22353
990
1968
7547
20537
853
5139
27909
24308
29576
7672
2284
5871
29166
34789
802
246
6773
3424
1192
11144
6242
23104
64906
5364
771
828
16799
34016
24290
3866
6321
176392
2401
2154
6653
7845
2509
21561
1285
11809
368
2144
4114
4599
5576
24746
8417
31692
1528
15472
3785
37180
38186
24540
2555
5491
2916
20306
205
27846
1692
5934
1365
14695
11623
28785
918
190
857
576
269
455
159
316
12641
21673
3650
5045
2933
632
2112
192
273
524
3334
54401
2185
1457
24813
18616
13031
5814
7728
1586
3727
33443
27323
3470
2543
1702
391
8928
11123
26400
5694
36168
2989
4134
3273
48993
20313
28176
30817
8599
40047
2652
39226
20395
9376
262
2625
6592
2341
32325
6231
3167
11123
25685
10156
6838
7490
28226
4513
25361
8517
2368
2313
40848
6830
6545
2654
2575
3643
7206
3673
1288
3891
8756
14121
8310
9119
4788
53377
5393
232
4083
1962
31306
33275
12101
4166
16658
23441
3397
1830
1601
1537
8755
2117
2724
2001
10033
3586
20110
1540
40299
3135
8973
21106
3357
3014
7896
459
6645
1332
3140
3166
101770
5309
3592
2621
1211
34836
2839
3477
1352
53637
3442
11957
2586
1002
3722
40169
755
17335
1467
10007
7091
5776
24337
4038
19422
6769
33347
4529
15853
3413
13800
5068
13677
14834
7671
29794
55926
44641
17939
1918
29088
17370
4368
2252
43398
3282
1407
10135
27493
6168
1680
5962
1652
37953
35948
30113
21471
39415
5823
32136
3705
1444
36120
11562
7485
1099
1155
17889
5459
5451
41780
3635
3036
5486
2081
43862
57253
23929
2270
26182
22518
6293
1643
35155
2153
501
717
2221
1593
8540
782
4045
18975
8618
1233
2863
34844
4813
76905
5613
1150
3989
83570
2468
6914
6596
24637
4926
45340
42032
4620
29646
5208
7145
50942
40986
1334
2997
18597
1396
16822
4678
317
2351
3929
331
1269
5205
8074
30989
3872
25292
846
31445
37268
1798
25652
5440
3561
9740
57391
3782
15680
54505
1551
8488
369
2753
5546
3082
6015
7073
4600
31491
1843
1877
4262
2582
4586
28099
53307
26614
3961
34310
7914
5250
43906
1964
18230
45097
3976
2462
32688
6397
23093
4861
7361
60145
3736
2239
2456
3740
771
1871
6921
3990
291
5781
5435
8282
411
380
948
498
2963
2605
509
188
590
3690
213
8643
949
11945
30972
6343
51586
19209
3903
11315
503
271
600
2659
55571
2062
6676
43207
33815
45343
21266
5143
2443
10696
35805
1225
5768
60019
1963
3983
20197
6563
17037
14284
2535
16331
7543
4695
15405
3623
1994
1030
8223
4117
137
5438
44648
2322
4698
30354
631
3981
10423
49641
3883
8148
1175
268
303
349
221
185
353
518
474
984
2980
16141
10830
34996
7840
20062
19718
5569
98
195
678
6493
1260
4499
6557
3956
6861
11251
6270
19413
4853
5473
6115
29145
5709
19062
91
8864
4501
37585
1343
8821
33310
10970
1156
4353
16779
12829
22985
2850
28029
109
8001
1575
16098
23655
7352
43260
14122
4714
73461
10378
5088
8633
1991
30623
3302
9136
54687
15166
10549
8749
10217
8147
45134
8227
2347
17424
27869
2826
31361
4015
7956
5400
2019
9716
3738
767
12527
4125
304
104
572
344
555
261
326
297
999
9437
3534
2440
9456
511
252
136
849
1081
2210
49641
1510
12825
1561
708
388
937
925
395
1114
905
29694
4484
1464
6729
32081
7570
639
2730
244
466
1304
4175
77608
3560
4431
3410
5222
11852
49769
66090
4340
15736
2426
1263
32121
3952
12894
3936
11540
4655
23890
2142
8744
3077
6541
7263
60694
16868
269
33695
3826
5521
48858
34941
5912
35575
39203
3669
2003
44889
2503
3090
1627
2735
2797
4152
11369
3464
32198
8151
2344
8116
41359
4442
15658
4149
6372
20103
14061
1462
221
15513
1183
3095
5525
36915
4096
4725
4050
7831
21822
26784
22747
32023
16983
2172
26532
1891
7136
269
5581
40281
95045
17839
5928
2372
3811
33634
3748
5253
930
3051
99657
6498
3417
2507
23119
8051
29879
53899
6437
15386
3651
1967
4351
7466
15389
1350
26845
3497
9269
6749
37725
2875
3760
4378
375
495
404
276
340
163
233
303
4448
154
8785
110
3300
3520
8404
50590
11521
49863
12303
34230
8893
18860
291
4404
610
2550
46034
1984
14196
3120
5991
7687
28250
32798
1337
3382
3850
17750
9070
532
1735
6944
1671
3656
5992
1099
598
85
351
294
245
741
2901
3559
5729
7958
4932
11470
5356
419
142
162
8445
68
1007
2464
31882
2101
2519
35089
19366
30800
5798
5738
2880
31128
47519
3625
13706
11685
3767
4058
382
195
3232
27152
1766
4573
4489
5224
8520
8281
25671
233
5034
3061
31062
2315
3049
4375
1336
637
84
2244
4338
19620
3776
2568
3906
21384
123
23166
1227
14340
268
401
2959
1829
1608
3174
5997
1327
6025
6727
40165
6380
22483
3738
149
83
528
468
178
420
458
158
352
3659
16443
970
4482
5762
143
204
21143
1918
197
176
2514
4389
10706
2279
2582
4658
4825
9497
142
3355
2180
18509
1469
777
436
486
1052
470
1140
734
401
476
3880
5536
3702
4075
2597
1606
5629
489
911
5134
17068
4099
12476
3462
6660
27426
1596
52745
35122
43250
19710
3604
15061
14694
2355
321
2766
2920
8364
6703
32937
11748
5013
5573
6234
12895
22145
1706
4887
10797
2147
4272
6861
8391
3077
2403
17682
1701
1444
2881
13820
14596
7427
3287
2541
3691
3974
1933
1249
21462
9070
22814
6621
4237
349
2138
35703
7172
2484
54668
3193
7708
16272
2828
2654
2837
1992
30618
177
1105
5441
2262
366
5630
5457
25892
8782
1787
2391
23731
1636
170
1603
4628
21338
4084
1336
5145
25556
14796
3336
25881
7777
22273
3148
4386
3335
3658
7489
34080
1773
295
1775
3910
10601
2494
7661
4208
26059
4051
722
4892
24761
1238
2787
24537
2046
1411
702
3437
40760
28507
3770
1584
14637
3287
945
19491
5514
3105
7127
21356
445
18157
19624
2791
807
2526
12983
1527
5261
28512
8318
179
1553
2995
15636
2342
7283
2759
2628
1640
2766
1462
1305
8494
4952
377
376
364
119
274
285
409
439
5990
19820
1109
2439
323
17081
9641
54
102
381
5702
3876
57
254
306
235
463
285
722
308
4619
4006
48
12421
8867
2218
5350
4359
8183
5397
3772
3273
2109
13356
2205
111
4707
24950
19207
4132
3819
7813
1045
3232
12059
976
5776
2504
21559
597
3112
4136
30022
8168
3751
1866
3405
37371
9820
2989
13903
3514
30267
3369
4128
23558
1314
40476
21173
46776
56823
448
14748
3679
53967
16568
789
7414
1788
5451
26874
32302
45690
6526
29570
39785
112073
33621
1265
11554
1104
369
2169
1254
2287
3180
19161
2663
3096
4135
40028
5019
16405
19444
1860
17438
2546
14311
2922
1200
2216
11561
384
3063
4895
260
4487
730
8491
21393
19099
1417
3115
4470
1740
16603
902
2735
20908
1250
7323
16800
1593
19429
5879
1909
4878
23166
1152
35930
6786
387
2312
2324
2058
1576
2731
13446
940
1217
1152
11366
37064
53832
4149
26475
14926
2883
1090
9755
2225
3762
4807
6732
31445
23875
1167
577
1324
34305
8858
36053
23919
1662
8455
1019
1770
1025
1945
28352
3135
550
1523
19103
1742
1750
1514
1234
1629
4863
34708
42527
20879
6076
4537
29487
6873
30032
2444
323
1129
1966
2138
1861
1294
41558
2572
3344
2665
3792
14412
1675
26345
661
2182
6150
19163
37109
2907
27434
7681
32895
1977
119
6989
1411
1351
1902
5140
24156
22329
29239
2089
3574
3360
6738
11734
5444
29806
19368
2631
818
1888
27437
53969
6508
7857
2963
9841
4360
371
5994
4060
14579
8094
3439
16807
10889
10524
857
2963
8585
5790
49281
8609
1123
5037
7536
3213
11310
11326
1291
8369
22011
155
20515
236
86
5726
51423
3460
13037
27299
31236
33793
2834
1265
5140
6954
15248
70012
77558
3447
14321
37608
65596
4136
27858
79351
6932
754
5914
1675
13256
4286
19225
32184
5911
7017
2012
42753
2500
22709
18684
2354
7895
50745
49766
55931
10205
22718
21829
6478
7082
1154
6872
1854
2104
8210
5794
2835
6518
39213
3712
3455
1799
5685
2429
5330
36243
44075
53641
39385
6904
29286
29197
1198
6439
14614
4713
277
7657
2723
7925
2914
5777
16490
6294
36125
22415
62426
4521
43748
6977
347
7860
3235
4385
2216
2316
10118
51954
50153
2836
37185
2665
9389
4824
1375
2246
4600
12464
9322
14720
1959
2168
1404
52991
11161
25707
7335
215
7748
2954
38946
6848
26812
9804
1866
6961
5123
3878
31246
16345
35985
2572
4627
32668
25452
1382
2346
26763
12182
80049
5179
397
1749
354
1539
6147
3335
3354
1246
2773
4766
33904
4268
2432
2267
84
161
170
203
178
373
484
3662
8847
7733
72834
192
220
3280
23636
2223
2041
35865
23343
43543
6479
2561
7032
3778
10746
28221
2089
7259
20554
3708
5131
38904
49196
3057
2189
493
15470
9042
9176
6184
8141
17304
8457
4467
66453
10225
8426
3255
30529
59619
39217
12331
2541
2488
8109
18809
40323
2092
1896
4468
2046
3840
1609
4314
2728
39662
4956
1097
29153
1789
4737
9315
7343
32549
18739
2310
1246
11108
73780
2361
2353
2097
674
8757
9703
1254
3984
21002
5047
37755
1762
2792
987
4386
7604
720
4550
82062
2873
49930
3848
1438
1834
2002
5770
682
1157
1124
5310
4016
15678
4680
49978
3886
9073
24861
22214
3935
3316
29711
30682
19733
8670
1925
10180
5618
7432
3835
2140
2911
2457
2266
32657
28249
2367
11517
21951
6171
4252
131706
3668
12372
33904
34869
8902
35319
1391
1933
1742
32431
4894
2723
81552
149
73223
22155
3454
43769
13341
12104
29796
8218
1887
8016
69433
37719
46840
5441
888
24850
236
3676
6433
37297
31777
5101
2534
371
3371
3713
39702
2461
2765
22774
2761
5327
5449
2086
20481
2983
7741
43951
5916
8449
14943
30880
6833
2426
12320
313
22528
1574
68172
1890
3924
16184
29051
34123
6130
1585
68270
15674
93917
7589
5614
38472
1425
2511
10033
605
10219
1877
2541
2001
3134
52656
7960
130
156
378
9576
161
534
483
590
471
339
907
2198
6730
37586
24452
19966
17191
3684
32161
3114
5370
1807
7102
724
2666
454
5944
3082
387
106
1083
4784
78672
1924
1238
6417
100588
48756
2748
4427
7072
2271
1210
1751
57171
11731
570
3618
4548
7719
2144
111
134
464
491
236
223
421
375
377
543
2081
8053
634
2074
2573
2995
95
112
2888
7159
4665
32232
4036
37763
59237
16165
32595
27507
29574
7937
12476
462
14433
2717
20994
10105
12317
2553
2410
4161
25671
4037
10348
5021
130
61
172
237
180
138
204
194
1772
4031
13498
5650
30379
12605
1954
211
22961
24843
69
77
2573
3652
5658
16119
29442
1058
57150
258
7912
47028
3350
1421
1850
1241
803
6306
24031
2616
43563
2276
3001
1045
32208
6948
1777
1134
1364
2082
41903
1570
150
4803
7928
4049
24246
10794
19551
186
97
183
216
217
161
94
256
93
448
1108
616
4254
7115
25181
2817
17821
838
14675
8320
5689
13612
1820
4301
4851
2863
20002
1230
8806
15229
3021
201
444
24363
27884
569
4376
4750
3945
10134
9421
31691
5837
39756
40172
1871
28752
17749
268
1312
2631
5415
7279
685
10919
8225
12990
4393
2577
1568
10027
146
2951
195
125
736
273
1917
3435
34389
3118
2299
2040
62857
29472
4750
12487
5775
3950
86
112
352
12735
10521
6149
3922
4533
3183
6442
2498
2557
22539
4795
1062
7955
4011
23235
1766
1743
2884
277
1378
2283
5278
26198
10592
8175
4308
8753
7050
3223
10338
4013
19788
9963
1598
8388
2379
28181
16847
42600
3017
21303
2423
80233
2778
1839
16032
31123
1616
3271
45172
5178
4354
5769
72465
13150
632
2795
20297
992
1452
13064
5421
132
90
182
268
149
349
116
120
138
7678
512
6579
15531
25392
2739
453
4874
115
4509
5456
18228
84
2659
2340
35015
20763
28879
34492
19312
5054
32215
2192
19221
6671
55557
4890
1574
7975
267
4462
26264
3252
2485
1595
3501
5704
7628
2106
6255
7121
689
66
153
197
204
107
4222
3672
4221
11323
2751
2298
3114
7949
19618
1548
8393
10699
125
4551
7809
63
130
186
96
239
167
207
989
17351
1486
2802
797
23749
3832
947
6701
3634
54
409
572
49745
3109
25406
45454
3419
5419
167
7260
3542
61217
13234
34674
4626
1853
1814
9840
5171
5148
6965
19365
1570
158
138
156
421
209
776
177
297
738
5527
3783
15829
4636
1413
23079
1742
19719
205
260
634
3387
92033
16874
34039
42285
27826
4448
2103
831
4132
6310
53349
13789
3767
3527
54392
33637
7208
297
3725
4587
3666
2070
16589
8666
4091
4033
5295
19873
53217
41853
31204
10932
40906
2861
1020
2450
26348
32368
1957
10270
13422
1305
17637
5663
136
5883
10206
11231
5676
4609
28182
1533
13482
1128
7390
17951
3684
4712
8375
1466
30030
24717
5066
54820
4111
7105
47123
27924
1709
35232
36029
20725
27570
23544
3377
3994
20175
1636
8471
10320
3130
98733
18470
6909
18018
24096
19155
3451
792
7327
5656
2729
52957
4025
40931
2166
9103
3920
965
1474
6391
27018
3239
2156
3739
3734
45413
2259
1747
2012
3504
55771
4836
732
2243
24076
2392
1331
1286
6578
3202
8470
7489
2026
6338
1863
2377
348
6902
2413
59907
3884
21089
4426
2911
50527
3763
2583
9938
8694
32515
815
20559
3443
66493
79808
3571
1577
1065
35335
6344
13419
5427
1918
30848
4368
1120
563
1420
44960
1475
2032
25112
1441
734
59058
48149
11801
44825
3491
16700
2742
1956
3371
4425
46507
1535
5003
2061
18810
4914
18385
3962
872
53406
1823
2215
35863
21604
2508
7419
18140
6399
72126
2198
29467
3016
7389
3742
27082
25858
16790
338
9816
3105
3202
2626
29836
10032
1768
42781
9989
5394
566
8664
6332
33242
4028
18629
3206
2251
9932
2439
2907
3078
17891
2698
3768
697
1403
6486
49685
12718
2253
22455
1300
10113
27013
63117
17321
1391
18663
2147
33402
3460
25150
3314
11078
8043
2006
302
7550
1940
76558
1759
2290
1982
18192
26010
4782
7421
1371
6462
59122
7094
57465
5285
13661
41993
1023
827
5097
258
20419
1120
1796
1292
1715
5350
6640
5678
199
803
11179
2399
18060
5691
2374
22230
882
12713
1871
4527
28018
3269
1309
3397
5584
41526
15589
698
27843
8995
8533
3148
3097
2576
1065
58355
3606
893
1094
7590
80910
66767
1735
2328
6874
59139
959
276
668
2659
1805
2672
3550
40301
5901
1373
12953
15771
1737
13194
2492
1754
7352
51416
1906
4123
24264
105758
1812
1145
4098
5447
404
5569
712
746
2577
5631
3653
24061
1733
3534
13433
812
4468
1685
220
181
401
287
118
706
383
476
9678
6279
6553
13700
48493
10474
2062
2630
3935
1469
4881
1230
6170
6193
506
3532
209
126
1840
17186
1388
179
246
115
94
136
1044
5521
2829
12025
2162
3634
1594
1225
46725
5599
110316
31227
50872
6961
15103
6863
2246
2584
23387
8088
1451
5259
94283
1284
1390
29878
10972
19825
5337
4210
47875
1637
2470
4920
341
9115
598
11654
1800
13695
994
2945
4988
5573
14773
11597
3607
2913
2927
2653
42417
2320
1271
5708
1791
3187
4902
280
7634
24185
8642
58555
1671
1029
1413
1545
4626
17948
5180
35786
1434
1061
1767
645
9226
34086
2181
33738
564
16415
16018
80316
11972
3566
50104
6057
1436
4792
3283
2622
3335
1740
9175
2353
1240
90
43
274
184
263
181
294
3222
4041
25727
6546
637
18946
4005
3352
231
4645
144
4196
26286
113
130
21122
1365
2132
3262
3804
542
6976
6230
2227
28792
3110
4657
1940
597
4077
8559
1576
3032
4236
32602
5794
1004
3075
11141
14843
4559
5043
56512
2343
20167
25446
6547
2183
1174
950
10571
383
39905
24511
3954
3305
309
3001
961
1176
4484
22700
2983
662
172
133
138
104
167
176
175
269
288
1153
2711
11424
5864
7292
9041
731
1835
1424
2572
1108
37079
635
1781
12570
6846
2588
9497
48390
2741
2056
7161
56971
804
3627
1176
34957
970
169
242
412
397
1003
1718
7086
5939
9131
28314
3182
6122
1471
3257
1639
7279
2292
759
3552
28924
5903
1365
41816
6870
18510
1210
4130
7114
2804
17603
6415
699
1416
4590
2087
2889
5050
32950
4340
1685
17712
10448
12313
5281
13146
1704
7536
21395
4080
8806
2249
5663
33108
3148
1528
22057
28780
12688
6525
101
136
41230
2442
35213
35411
26314
1292
4010
7642
4211
5353
25134
1902
1538
2450
1959
653
60342
36950
1925
878
1993
2852
5559
1623
9228
1206
5346
165
31886
22807
22488
5334
24374
6002
31434
7933
2378
3605
869
1199
208
29676
2908
3176
5892
4950
6247
7817
1649
4390
1524
967
3767
9289
21387
6340
17580
9321
11546
9044
3066
7576
5376
14526
6601
3635
4092
6121
1748
24943
14052
26927
6776
16776
5542
2791
2455
1772
15351
767
3698
3287
19828
3301
7994
645
2573
12647
2329
172
510
209
5644
248
2353
10836
50028
2574
2091
2497
25617
38303
5157
2229
337
1868
20968
4381
5671
2162
1914
11319
2308
6311
3294
4293
98
575
12703
3332
131
8404
8785
3846
1147
19427
22629
2808
1372
15430
81447
414
1404
23674
1419
2829
